rq,sc,dm,kp,zg,zd,sp,cjl,cje
20150629,OF,OF150001,1.9800,1.9800,1.9800,1.9800,0,0
20150629,OF,OF150008,1.3830,1.3830,1.3830,1.3830,0,0
20150629,OF,OF150009,1.9330,1.9330,1.9330,1.9330,0,0
20150629,OF,OF150012,1.1430,1.1430,1.1430,1.1430,0,0
20150629,OF,OF150013,1.8430,1.8430,1.8430,1.8430,0,0
20150629,OF,OF150016,2.0374,2.0374,2.0374,2.0374,0,0
20150629,OF,OF150017,2.7505,2.7505,2.7505,2.7505,0,0
20150629,OF,OF150018,1.0280,1.0280,1.0280,1.0280,0,0
20150629,OF,OF150019,1.3060,1.3060,1.3060,1.3060,0,0
20150629,OF,OF150020,1.0810,1.0810,1.0810,1.0810,0,0
20150629,OF,OF150021,1.3840,1.3840,1.3840,1.3840,0,0
20150629,OF,OF150022,1.0284,1.0284,1.0284,1.0284,0,0
20150629,OF,OF150023,0.5870,0.5870,0.5870,0.5870,0,0
20150629,OF,OF150027,1.3880,1.3880,1.3880,1.3880,0,0
20150629,OF,OF150028,1.0040,1.0040,1.0040,1.0040,0,0
20150629,OF,OF150029,0.6240,0.6240,0.6240,0.6240,0,0
20150629,OF,OF150030,1.0060,1.0060,1.0060,1.0060,0,0
20150629,OF,OF150031,0.5720,0.5720,0.5720,0.5720,0,0
20150629,OF,OF150032,1.0132,1.0132,1.0132,1.0132,0,0
20150629,OF,OF150033,1.0822,1.0822,1.0822,1.0822,0,0
20150629,OF,OF150034,1.1900,1.1900,1.1900,1.1900,0,0
20150629,OF,OF150035,2.1330,2.1330,2.1330,2.1330,0,0
20150629,OF,OF150036,1.0310,1.0310,1.0310,1.0310,0,0
20150629,OF,OF150037,1.7830,1.7830,1.7830,1.7830,0,0
20150629,OF,OF150039,1.0410,1.0410,1.0410,1.0410,0,0
20150629,OF,OF150040,1.6480,1.6480,1.6480,1.6480,0,0
20150629,OF,OF150042,1.5296,1.5296,1.5296,1.5296,0,0
20150629,OF,OF150047,1.0330,1.0330,1.0330,1.0330,0,0
20150629,OF,OF150048,2.1330,2.1330,2.1330,2.1330,0,0
20150629,OF,OF150049,1.0150,1.0150,1.0150,1.0150,0,0
20150629,OF,OF150050,1.4650,1.4650,1.4650,1.4650,0,0
20150629,OF,OF150051,1.0120,1.0120,1.0120,1.0120,0,0
20150629,OF,OF150052,0.8040,0.8040,0.8040,0.8040,0,0
20150629,OF,OF150053,1.0137,1.0137,1.0137,1.0137,0,0
20150629,OF,OF150054,1.1552,1.1552,1.1552,1.1552,0,0
20150629,OF,OF150055,1.0303,1.0303,1.0303,1.0303,0,0
20150629,OF,OF150056,2.6343,2.6343,2.6343,2.6343,0,0
20150629,OF,OF150057,1.0060,1.0060,1.0060,1.0060,0,0
20150629,OF,OF150058,0.7120,0.7120,0.7120,0.7120,0,0
20150629,OF,OF150059,1.0300,1.0300,1.0300,1.0300,0,0
20150629,OF,OF150060,1.8050,1.8050,1.8050,1.8050,0,0
20150629,OF,OF150064,1.0060,1.0060,1.0060,1.0060,0,0
20150629,OF,OF150065,0.5890,0.5890,0.5890,0.5890,0,0
20150629,OF,OF150066,1.0050,1.0050,1.0050,1.0050,0,0
20150629,OF,OF150067,1.0120,1.0120,1.0120,1.0120,0,0
20150629,OF,OF150073,1.0050,1.0050,1.0050,1.0050,0,0
20150629,OF,OF150075,0.6250,0.6250,0.6250,0.6250,0,0
20150629,OF,OF150076,1.0280,1.0280,1.0280,1.0280,0,0
20150629,OF,OF150077,1.8700,1.8700,1.8700,1.8700,0,0
20150629,OF,OF150083,1.0308,1.0308,1.0308,1.0308,0,0
20150629,OF,OF150084,1.5966,1.5966,1.5966,1.5966,0,0
20150629,OF,OF150085,1.0086,1.0086,1.0086,1.0086,0,0
20150629,OF,OF150086,0.4780,0.4780,0.4780,0.4780,0,0
20150629,OF,OF150088,1.0080,1.0080,1.0080,1.0080,0,0
20150629,OF,OF150089,0.9130,0.9130,0.9130,0.9130,0,0
20150629,OF,OF150090,1.0065,1.0065,1.0065,1.0065,0,0
20150629,OF,OF150091,0.5113,0.5113,0.5113,0.5113,0,0
20150629,OF,OF150092,1.0070,1.0070,1.0070,1.0070,0,0
20150629,OF,OF150093,0.8330,0.8330,0.8330,0.8330,0,0
20150629,OF,OF150094,1.0140,1.0140,1.0140,1.0140,0,0
20150629,OF,OF150095,1.1500,1.1500,1.1500,1.1500,0,0
20150629,OF,OF150096,1.0310,1.0310,1.0310,1.0310,0,0
20150629,OF,OF150097,1.3750,1.3750,1.3750,1.3750,0,0
20150629,OF,OF150100,1.0280,1.0280,1.0280,1.0280,0,0
20150629,OF,OF150101,1.9460,1.9460,1.9460,1.9460,0,0
20150629,OF,OF150102,1.2680,1.2680,1.2680,1.2680,0,0
20150629,OF,OF150104,1.0310,1.0310,1.0310,1.0310,0,0
20150629,OF,OF150105,2.0410,2.0410,2.0410,2.0410,0,0
20150629,OF,OF150106,1.0076,1.0076,1.0076,1.0076,0,0
20150629,OF,OF150107,0.6414,0.6414,0.6414,0.6414,0,0
20150629,OF,OF150108,1.0080,1.0080,1.0080,1.0080,0,0
20150629,OF,OF150109,0.6960,0.6960,0.6960,0.6960,0,0
20150629,OF,OF150112,1.0636,1.0636,1.0636,1.0636,0,0
20150629,OF,OF150113,1.9746,1.9746,1.9746,1.9746,0,0
20150629,OF,OF150114,1.1890,1.1890,1.1890,1.1890,0,0
20150629,OF,OF150117,1.0119,1.0119,1.0119,1.0119,0,0
20150629,OF,OF150118,0.8799,0.8799,0.8799,0.8799,0,0
20150629,OF,OF150120,1.1450,1.1450,1.1450,1.1450,0,0
20150629,OF,OF150121,1.0310,1.0310,1.0310,1.0310,0,0
20150629,OF,OF150122,1.7370,1.7370,1.7370,1.7370,0,0
20150629,OF,OF150123,1.0358,1.0358,1.0358,1.0358,0,0
20150629,OF,OF150124,1.7976,1.7976,1.7976,1.7976,0,0
20150629,OF,OF150128,1.1600,1.1600,1.1600,1.1600,0,0
20150629,OF,OF150129,1.1030,1.1030,1.1030,1.1030,0,0
20150629,OF,OF150130,1.0135,1.0135,1.0135,1.0135,0,0
20150629,OF,OF150131,0.9111,0.9111,0.9111,0.9111,0,0
20150629,OF,OF150133,1.0070,1.0070,1.0070,1.0070,0,0
20150629,OF,OF150134,1.0470,1.0470,1.0470,1.0470,0,0
20150629,OF,OF150135,1.0160,1.0160,1.0160,1.0160,0,0
20150629,OF,OF150136,0.9540,0.9540,0.9540,0.9540,0,0
20150629,OF,OF150137,1.2470,1.2470,1.2470,1.2470,0,0
20150629,OF,OF150138,1.0050,1.0050,1.0050,1.0050,0,0
20150629,OF,OF150139,0.6270,0.6270,0.6270,0.6270,0,0
20150629,OF,OF150140,1.0300,1.0300,1.0300,1.0300,0,0
20150629,OF,OF150141,1.2369,1.2369,1.2369,1.2369,0,0
20150629,OF,OF150142,1.3230,1.3230,1.3230,1.3230,0,0
20150629,OF,OF150143,1.0000,1.0000,1.0000,1.0000,0,0
20150629,OF,OF150144,1.0000,1.0000,1.0000,1.0000,0,0
20150629,OF,OF150145,1.0170,1.0170,1.0170,1.0170,0,0
20150629,OF,OF150146,1.1210,1.1210,1.1210,1.1210,0,0
20150629,OF,OF150147,1.2780,1.2780,1.2780,1.2780,0,0
20150629,OF,OF150148,1.0120,1.0120,1.0120,1.0120,0,0
20150629,OF,OF150149,0.8840,0.8840,0.8840,0.8840,0,0
20150629,OF,OF150150,1.0110,1.0110,1.0110,1.0110,0,0
20150629,OF,OF150151,0.6990,0.6990,0.6990,0.6990,0,0
20150629,OF,OF150152,1.0060,1.0060,1.0060,1.0060,0,0
20150629,OF,OF150153,0.4760,0.4760,0.4760,0.4760,0,0
20150629,OF,OF150154,1.2370,1.2370,1.2370,1.2370,0,0
20150629,OF,OF150156,1.3090,1.3090,1.3090,1.3090,0,0
20150629,OF,OF150157,1.0320,1.0320,1.0320,1.0320,0,0
20150629,OF,OF150158,1.1640,1.1640,1.1640,1.1640,0,0
20150629,OF,OF150160,1.3720,1.3720,1.3720,1.3720,0,0
20150629,OF,OF150161,1.5570,1.5570,1.5570,1.5570,0,0
20150629,OF,OF150164,1.0290,1.0290,1.0290,1.0290,0,0
20150629,OF,OF150165,0.3460,0.3460,0.3460,0.3460,0,0
20150629,OF,OF150167,1.0290,1.0290,1.0290,1.0290,0,0
20150629,OF,OF150168,1.2190,1.2190,1.2190,1.2190,0,0
20150629,OF,OF150169,1.0270,1.0270,1.0270,1.0270,0,0
20150629,OF,OF150170,1.0890,1.0890,1.0890,1.0890,0,0
20150629,OF,OF150171,1.0163,1.0163,1.0163,1.0163,0,0
20150629,OF,OF150172,0.8165,0.8165,0.8165,0.8165,0,0
20150629,OF,OF150173,1.0040,1.0040,1.0040,1.0040,0,0
20150629,OF,OF150174,0.3500,0.3500,0.3500,0.3500,0,0
20150629,OF,OF150175,1.0357,1.0357,1.0357,1.0357,0,0
20150629,OF,OF150176,1.1806,1.1806,1.1806,1.1806,0,0
20150629,OF,OF150177,1.0150,1.0150,1.0150,1.0150,0,0
20150629,OF,OF150178,0.7150,0.7150,0.7150,0.7150,0,0
20150629,OF,OF150179,1.0070,1.0070,1.0070,1.0070,0,0
20150629,OF,OF150180,0.6470,0.6470,0.6470,0.6470,0,0
20150629,OF,OF150181,1.0100,1.0100,1.0100,1.0100,0,0
20150629,OF,OF150182,1.0560,1.0560,1.0560,1.0560,0,0
20150629,OF,OF150184,1.0044,1.0044,1.0044,1.0044,0,0
20150629,OF,OF150185,0.6322,0.6322,0.6322,0.6322,0,0
20150629,OF,OF150186,1.0561,1.0561,1.0561,1.0561,0,0
20150629,OF,OF150187,0.7467,0.7467,0.7467,0.7467,0,0
20150629,OF,OF150188,1.0260,1.0260,1.0260,1.0260,0,0
20150629,OF,OF150189,0.5790,0.5790,0.5790,0.5790,0,0
20150629,OF,OF150190,1.0150,1.0150,1.0150,1.0150,0,0
20150629,OF,OF150191,0.8810,0.8810,0.8810,0.8810,0,0
20150629,OF,OF150192,1.0030,1.0030,1.0030,1.0030,0,0
20150629,OF,OF150193,0.5450,0.5450,0.5450,0.5450,0,0
20150629,OF,OF150194,1.0050,1.0050,1.0050,1.0050,0,0
20150629,OF,OF150195,0.4490,0.4490,0.4490,0.4490,0,0
20150629,OF,OF150196,1.0164,1.0164,1.0164,1.0164,0,0
20150629,OF,OF150197,0.7740,0.7740,0.7740,0.7740,0,0
20150629,OF,OF150198,1.0065,1.0065,1.0065,1.0065,0,0
20150629,OF,OF150199,0.8875,0.8875,0.8875,0.8875,0,0
20150629,OF,OF150200,1.0380,1.0380,1.0380,1.0380,0,0
20150629,OF,OF150201,0.8840,0.8840,0.8840,0.8840,0,0
20150629,OF,OF150203,1.0150,1.0150,1.0150,1.0150,0,0
20150629,OF,OF150204,0.9070,0.9070,0.9070,0.9070,0,0
20150629,OF,OF150205,1.0090,1.0090,1.0090,1.0090,0,0
20150629,OF,OF150206,1.0390,1.0390,1.0390,1.0390,0,0
20150629,OF,OF150207,1.0050,1.0050,1.0050,1.0050,0,0
20150629,OF,OF150208,0.7970,0.7970,0.7970,0.7970,0,0
20150629,OF,OF150209,1.0050,1.0050,1.0050,1.0050,0,0
20150629,OF,OF150210,0.6810,0.6810,0.6810,0.6810,0,0
20150629,OF,OF150211,1.0150,1.0150,1.0150,1.0150,0,0
20150629,OF,OF150212,1.0570,1.0570,1.0570,1.0570,0,0
20150629,OF,OF150213,1.0170,1.0170,1.0170,1.0170,0,0
20150629,OF,OF150214,0.9460,0.9460,0.9460,0.9460,0,0
20150629,OF,OF150215,1.0145,1.0145,1.0145,1.0145,0,0
20150629,OF,OF150216,0.9003,0.9003,0.9003,0.9003,0,0
20150629,OF,OF150217,1.0140,1.0140,1.0140,1.0140,0,0
20150629,OF,OF150218,1.0360,1.0360,1.0360,1.0360,0,0
20150629,OF,OF150219,1.0140,1.0140,1.0140,1.0140,0,0
20150629,OF,OF150220,0.9900,0.9900,0.9900,0.9900,0,0
20150629,OF,OF150221,1.0190,1.0190,1.0190,1.0190,0,0
20150629,OF,OF150222,1.0030,1.0030,1.0030,1.0030,0,0
20150629,OF,OF150223,1.0150,1.0150,1.0150,1.0150,0,0
20150629,OF,OF150224,0.6250,0.6250,0.6250,0.6250,0,0
20150629,OF,OF150225,1.0066,1.0066,1.0066,1.0066,0,0
20150629,OF,OF150226,0.5488,0.5488,0.5488,0.5488,0,0
20150629,OF,OF150227,1.0110,1.0110,1.0110,1.0110,0,0
20150629,OF,OF150228,0.8370,0.8370,0.8370,0.8370,0,0
20150629,OF,OF150229,1.0090,1.0090,1.0090,1.0090,0,0
20150629,OF,OF150230,1.1710,1.1710,1.1710,1.1710,0,0
20150629,OF,OF150231,1.0067,1.0067,1.0067,1.0067,0,0
20150629,OF,OF150232,0.6195,0.6195,0.6195,0.6195,0,0
20150629,OF,OF150233,1.0046,1.0046,1.0046,1.0046,0,0
20150629,OF,OF150234,0.4160,0.4160,0.4160,0.4160,0,0
20150629,OF,OF150235,1.0080,1.0080,1.0080,1.0080,0,0
20150629,OF,OF150236,0.5160,0.5160,0.5160,0.5160,0,0
20150629,OF,OF150237,1.0020,1.0020,1.0020,1.0020,0,0
20150629,OF,OF150238,0.9280,0.9280,0.9280,0.9280,0,0
20150629,OF,OF150241,1.0090,1.0090,1.0090,1.0090,0,0
20150629,OF,OF150242,0.9330,0.9330,0.9330,0.9330,0,0
20150629,OF,OF150245,1.0020,1.0020,1.0020,1.0020,0,0
20150629,OF,OF150246,0.9640,0.9640,0.9640,0.9640,0,0
20150629,OF,OF150247,1.0068,1.0068,1.0068,1.0068,0,0
20150629,OF,OF150248,0.4142,0.4142,0.4142,0.4142,0,0
20150629,OF,OF150249,1.0060,1.0060,1.0060,1.0060,0,0
20150629,OF,OF150250,0.8560,0.8560,0.8560,0.8560,0,0
20150629,OF,OF150251,1.0060,1.0060,1.0060,1.0060,0,0
20150629,OF,OF150252,0.8440,0.8440,0.8440,0.8440,0,0
20150629,OF,OF150255,1.0037,1.0037,1.0037,1.0037,0,0
20150629,OF,OF150256,0.7553,0.7553,0.7553,0.7553,0,0
20150629,OF,OF150257,1.0037,1.0037,1.0037,1.0037,0,0
20150629,OF,OF150258,0.5579,0.5579,0.5579,0.5579,0,0
20150629,OF,OF150259,1.0037,1.0037,1.0037,1.0037,0,0
20150629,OF,OF150260,0.4907,0.4907,0.4907,0.4907,0,0
20150629,OF,OF150261,1.0068,1.0068,1.0068,1.0068,0,0
20150629,OF,OF150262,0.4158,0.4158,0.4158,0.4158,0,0
20150629,OF,OF150263,1.0045,1.0045,1.0045,1.0045,0,0
20150629,OF,OF150264,0.4617,0.4617,0.4617,0.4617,0,0
20150629,OF,OF150265,1.0080,1.0080,1.0080,1.0080,0,0
20150629,OF,OF150266,0.5990,0.5990,0.5990,0.5990,0,0
20150629,OF,OF150267,0.0000,0.0000,0.0000,0.0000,0,0
20150629,OF,OF150268,0.0000,0.0000,0.0000,0.0000,0,0
20150629,OF,OF150269,1.0050,1.0050,1.0050,1.0050,0,0
20150629,OF,OF150270,1.0410,1.0410,1.0410,1.0410,0,0
20150629,OF,OF150271,1.0050,1.0050,1.0050,1.0050,0,0
20150629,OF,OF150272,0.5330,0.5330,0.5330,0.5330,0,0
20150629,OF,OF150273,1.0060,1.0060,1.0060,1.0060,0,0
20150629,OF,OF150274,0.5280,0.5280,0.5280,0.5280,0,0
20150629,OF,OF150275,1.0070,1.0070,1.0070,1.0070,0,0
20150629,OF,OF150276,0.5050,0.5050,0.5050,0.5050,0,0
20150629,OF,OF150277,1.0050,1.0050,1.0050,1.0050,0,0
20150629,OF,OF150278,0.2630,0.2630,0.2630,0.2630,0,0
20150629,OF,OF150279,1.0050,1.0050,1.0050,1.0050,0,0
20150629,OF,OF150280,0.4810,0.4810,0.4810,0.4810,0,0
20150629,OF,OF150281,1.0020,1.0020,1.0020,1.0020,0,0
20150629,OF,OF150282,0.7440,0.7440,0.7440,0.7440,0,0
20150629,OF,OF150287,1.0020,1.0020,1.0020,1.0020,0,0
20150629,OF,OF150288,0.9110,0.9110,0.9110,0.9110,0,0
20150629,OF,OF150291,1.0040,1.0040,1.0040,1.0040,0,0
20150629,OF,OF150292,0.8090,0.8090,0.8090,0.8090,0,0
20150629,OF,OF150293,1.0034,1.0034,1.0034,1.0034,0,0
20150629,OF,OF150294,0.6404,0.6404,0.6404,0.6404,0,0
20150629,OF,OF150295,1.0043,1.0043,1.0043,1.0043,0,0
20150629,OF,OF150296,0.6123,0.6123,0.6123,0.6123,0,0
20150629,OF,OF150299,1.0036,1.0036,1.0036,1.0036,0,0
20150629,OF,OF150300,0.7758,0.7758,0.7758,0.7758,0,0
20150629,OF,OF150301,1.0036,1.0036,1.0036,1.0036,0,0
20150629,OF,OF150302,0.5560,0.5560,0.5560,0.5560,0,0
20150629,OF,OF150315,1.0020,1.0020,1.0020,1.0020,0,0
20150629,OF,OF150316,0.8000,0.8000,0.8000,0.8000,0,0
20150629,OF,OF150321,1.0020,1.0020,1.0020,1.0020,0,0
20150629,OF,OF150322,0.9680,0.9680,0.9680,0.9680,0,0
20150629,OF,OF159001,100.0000,100.0000,100.0000,100.0000,0,0
20150629,OF,OF159003,100.0000,100.0000,100.0000,100.0000,0,0
20150629,OF,OF159005,100.0000,100.0000,100.0000,100.0000,0,0
20150629,OF,OF159900,1.0000,1.0000,1.0000,1.0000,0,0
20150629,OF,OF159901,4.9666,4.9666,4.9666,4.9666,0,0
20150629,OF,OF159902,4.0350,4.0350,4.0350,4.0350,0,0
20150629,OF,OF159903,1.4011,1.4011,1.4011,1.4011,0,0
20150629,OF,OF159905,1.3062,1.3062,1.3062,1.3062,0,0
20150629,OF,OF159906,1.1990,1.1990,1.1990,1.1990,0,0
20150629,OF,OF159907,1.8060,1.8060,1.8060,1.8060,0,0
20150629,OF,OF159908,1.4245,1.4245,1.4245,1.4245,0,0
20150629,OF,OF159909,6.6850,6.6850,6.6850,6.6850,0,0
20150629,OF,OF159910,1.5700,1.5700,1.5700,1.5700,0,0
20150629,OF,OF159911,5.3542,5.3542,5.3542,5.3542,0,0
20150629,OF,OF159912,1.6708,1.6708,1.6708,1.6708,0,0
20150629,OF,OF159913,1.7170,1.7170,1.7170,1.7170,0,0
20150629,OF,OF159915,2.5320,2.5320,2.5320,2.5320,0,0
20150629,OF,OF159916,2.9676,2.9676,2.9676,2.9676,0,0
20150629,OF,OF159917,1.8800,1.8800,1.8800,1.8800,0,0
20150629,OF,OF159918,2.7744,2.7744,2.7744,2.7744,0,0
20150629,OF,OF159919,4.3645,4.3645,4.3645,4.3645,0,0
20150629,OF,OF159920,1.2146,1.2146,1.2146,1.2146,0,0
20150629,OF,OF159921,2.0390,2.0390,2.0390,2.0390,0,0
20150629,OF,OF159922,8.3742,8.3742,8.3742,8.3742,0,0
20150629,OF,OF159923,1.5140,1.5140,1.5140,1.5140,0,0
20150629,OF,OF159924,1.8350,1.8350,1.8350,1.8350,0,0
20150629,OF,OF159925,1.6554,1.6554,1.6554,1.6554,0,0
20150629,OF,OF159926,105.6380,105.6380,105.6380,105.6380,0,0
20150629,OF,OF159927,4.2357,4.2357,4.2357,4.2357,0,0
20150629,OF,OF159928,1.5714,1.5714,1.5714,1.5714,0,0
20150629,OF,OF159929,1.6471,1.6471,1.6471,1.6471,0,0
20150629,OF,OF159930,1.3634,1.3634,1.3634,1.3634,0,0
20150629,OF,OF159931,1.6799,1.6799,1.6799,1.6799,0,0
20150629,OF,OF159932,2.4000,2.4000,2.4000,2.4000,0,0
20150629,OF,OF159933,1.7102,1.7102,1.7102,1.7102,0,0
20150629,OF,OF159934,2.3514,2.3514,2.3514,2.3514,0,0
20150629,OF,OF159935,2.1905,2.1905,2.1905,2.1905,0,0
20150629,OF,OF159936,1.9998,1.9998,1.9998,1.9998,0,0
20150629,OF,OF159937,2.3471,2.3471,2.3471,2.3471,0,0
20150629,OF,OF159938,1.4903,1.4903,1.4903,1.4903,0,0
20150629,OF,OF159939,1.5121,1.5121,1.5121,1.5121,0,0
20150629,OF,OF159940,0.8922,0.8922,0.8922,0.8922,0,0
20150629,OF,OF159942,2.3810,2.3810,2.3810,2.3810,0,0
20150629,OF,OF160105,1.6921,1.6921,1.6921,1.6921,0,0
20150629,OF,OF160106,2.3681,2.3681,2.3681,2.3681,0,0
20150629,OF,OF160119,1.9607,1.9607,1.9607,1.9607,0,0
20150629,OF,OF160123,1.1465,1.1465,1.1465,1.1465,0,0
20150629,OF,OF160125,1.1486,1.1486,1.1486,1.1486,0,0
20150629,OF,OF160127,1.2400,1.2400,1.2400,1.2400,0,0
20150629,OF,OF160128,1.0500,1.0500,1.0500,1.0500,0,0
20150629,OF,OF160130,1.0860,1.0860,1.0860,1.0860,0,0
20150629,OF,OF160131,1.0330,1.0330,1.0330,1.0330,0,0
20150629,OF,OF160133,1.9410,1.9410,1.9410,1.9410,0,0
20150629,OF,OF160135,0.8219,0.8219,0.8219,0.8219,0,0
20150629,OF,OF160136,0.8083,0.8083,0.8083,0.8083,0,0
20150629,OF,OF160211,2.2140,2.2140,2.2140,2.2140,0,0
20150629,OF,OF160212,1.6920,1.6920,1.6920,1.6920,0,0
20150629,OF,OF160215,1.6420,1.6420,1.6420,1.6420,0,0
20150629,OF,OF160216,0.6740,0.6740,0.6740,0.6740,0,0
20150629,OF,OF160217,1.0070,1.0070,1.0070,1.0070,0,0
20150629,OF,OF160218,0.9459,0.9459,0.9459,0.9459,0,0
20150629,OF,OF160219,0.9623,0.9623,0.9623,0.9623,0,0
20150629,OF,OF160220,1.2450,1.2450,1.2450,1.2450,0,0
20150629,OF,OF160221,0.8952,0.8952,0.8952,0.8952,0,0
20150629,OF,OF160222,0.9470,0.9470,0.9470,0.9470,0,0
20150629,OF,OF160224,0.9574,0.9574,0.9574,0.9574,0,0
20150629,OF,OF160311,1.4620,1.4620,1.4620,1.4620,0,0
20150629,OF,OF160314,1.5030,1.5030,1.5030,1.5030,0,0
20150629,OF,OF160415,1.6410,1.6410,1.6410,1.6410,0,0
20150629,OF,OF160416,0.9120,0.9120,0.9120,0.9120,0,0
20150629,OF,OF160417,1.5360,1.5360,1.5360,1.5360,0,0
20150629,OF,OF160418,0.8897,0.8897,0.8897,0.8897,0,0
20150629,OF,OF160419,0.7798,0.7798,0.7798,0.7798,0,0
20150629,OF,OF160420,0.0000,0.0000,0.0000,0.0000,0,0
20150629,OF,OF160505,3.2350,3.2350,3.2350,3.2350,0,0
20150629,OF,OF160512,2.1730,2.1730,2.1730,2.1730,0,0
20150629,OF,OF160513,1.3270,1.3270,1.3270,1.3270,0,0
20150629,OF,OF160515,1.0750,1.0750,1.0750,1.0750,0,0
20150629,OF,OF160516,0.7777,0.7777,0.7777,0.7777,0,0
20150629,OF,OF160517,0.0000,0.0000,0.0000,0.0000,0,0
20150629,OF,OF160603,1.3990,1.3990,1.3990,1.3990,0,0
20150629,OF,OF160605,1.5620,1.5620,1.5620,1.5620,0,0
20150629,OF,OF160607,1.1950,1.1950,1.1950,1.1950,0,0
20150629,OF,OF160610,1.6970,1.6970,1.6970,1.6970,0,0
20150629,OF,OF160611,1.1470,1.1470,1.1470,1.1470,0,0
20150629,OF,OF160613,1.9660,1.9660,1.9660,1.9660,0,0
20150629,OF,OF160615,1.5590,1.5590,1.5590,1.5590,0,0
20150629,OF,OF160616,1.7130,1.7130,1.7130,1.7130,0,0
20150629,OF,OF160617,1.2730,1.2730,1.2730,1.2730,0,0
20150629,OF,OF160618,1.0290,1.0290,1.0290,1.0290,0,0
20150629,OF,OF160620,1.4870,1.4870,1.4870,1.4870,0,0
20150629,OF,OF160621,1.2240,1.2240,1.2240,1.2240,0,0
20150629,OF,OF160624,1.8260,1.8260,1.8260,1.8260,0,0
20150629,OF,OF160625,0.8650,0.8650,0.8650,0.8650,0,0
20150629,OF,OF160626,0.8270,0.8270,0.8270,0.8270,0,0
20150629,OF,OF160627,1.5560,1.5560,1.5560,1.5560,0,0
20150629,OF,OF160628,0.7740,0.7740,0.7740,0.7740,0,0
20150629,OF,OF160629,0.9610,0.9610,0.9610,0.9610,0,0
20150629,OF,OF160630,1.0240,1.0240,1.0240,1.0240,0,0
20150629,OF,OF160631,0.9240,0.9240,0.9240,0.9240,0,0
20150629,OF,OF160632,1.0900,1.0900,1.0900,1.0900,0,0
20150629,OF,OF160633,0.7620,0.7620,0.7620,0.7620,0,0
20150629,OF,OF160634,0.9650,0.9650,0.9650,0.9650,0,0
20150629,OF,OF160636,0.9830,0.9830,0.9830,0.9830,0,0
20150629,OF,OF160637,0.8060,0.8060,0.8060,0.8060,0,0
20150629,OF,OF160638,0.7670,0.7670,0.7670,0.7670,0,0
20150629,OF,OF160639,0.6340,0.6340,0.6340,0.6340,0,0
20150629,OF,OF160640,0.7430,0.7430,0.7430,0.7430,0,0
20150629,OF,OF160706,1.1357,1.1357,1.1357,1.1357,0,0
20150629,OF,OF160716,1.2517,1.2517,1.2517,1.2517,0,0
20150629,OF,OF160717,0.8377,0.8377,0.8377,0.8377,0,0
20150629,OF,OF160718,1.0270,1.0270,1.0270,1.0270,0,0
20150629,OF,OF160719,0.6220,0.6220,0.6220,0.6220,0,0
20150629,OF,OF160720,1.1040,1.1040,1.1040,1.1040,0,0
20150629,OF,OF160805,1.3926,1.3926,1.3926,1.3926,0,0
20150629,OF,OF160806,1.5470,1.5470,1.5470,1.5470,0,0
20150629,OF,OF160807,1.3650,1.3650,1.3650,1.3650,0,0
20150629,OF,OF160808,0.7560,0.7560,0.7560,0.7560,0,0
20150629,OF,OF160809,0.8520,0.8520,0.8520,0.8520,0,0
20150629,OF,OF160810,1.1050,1.1050,1.1050,1.1050,0,0
20150629,OF,OF160812,1.6860,1.6860,1.6860,1.6860,0,0
20150629,OF,OF160813,1.1950,1.1950,1.1950,1.1950,0,0
20150629,OF,OF160814,0.8730,0.8730,0.8730,0.8730,0,0
20150629,OF,OF160910,1.1860,1.1860,1.1860,1.1860,0,0
20150629,OF,OF160915,1.4610,1.4610,1.4610,1.4610,0,0
20150629,OF,OF160916,2.1680,2.1680,2.1680,2.1680,0,0
20150629,OF,OF160918,1.7710,1.7710,1.7710,1.7710,0,0
20150629,OF,OF160919,1.5090,1.5090,1.5090,1.5090,0,0
20150629,OF,OF161005,2.6435,2.6435,2.6435,2.6435,0,0
20150629,OF,OF161010,1.1160,1.1160,1.1160,1.1160,0,0
20150629,OF,OF161014,1.1720,1.1720,1.1720,1.1720,0,0
20150629,OF,OF161015,0.8350,0.8350,0.8350,0.8350,0,0
20150629,OF,OF161017,2.2610,2.2610,2.2610,2.2610,0,0
20150629,OF,OF161019,1.0140,1.0140,1.0140,1.0140,0,0
20150629,OF,OF161022,0.7410,0.7410,0.7410,0.7410,0,0
20150629,OF,OF161024,1.0330,1.0330,1.0330,1.0330,0,0
20150629,OF,OF161025,0.7270,0.7270,0.7270,0.7270,0,0
20150629,OF,OF161026,0.8430,0.8430,0.8430,0.8430,0,0
20150629,OF,OF161027,0.8200,0.8200,0.8200,0.8200,0,0
20150629,OF,OF161028,1.0360,1.0360,1.0360,1.0360,0,0
20150629,OF,OF161029,0.9710,0.9710,0.9710,0.9710,0,0
20150629,OF,OF161031,0.9010,0.9010,0.9010,0.9010,0,0
20150629,OF,OF161115,1.6230,1.6230,1.6230,1.6230,0,0
20150629,OF,OF161116,0.6340,0.6340,0.6340,0.6340,0,0
20150629,OF,OF161117,1.0790,1.0790,1.0790,1.0790,0,0
20150629,OF,OF161118,0.8245,0.8245,0.8245,0.8245,0,0
20150629,OF,OF161119,1.1169,1.1169,1.1169,1.1169,0,0
20150629,OF,OF161121,0.8795,0.8795,0.8795,0.8795,0,0
20150629,OF,OF161122,0.7808,0.7808,0.7808,0.7808,0,0
20150629,OF,OF161123,0.7472,0.7472,0.7472,0.7472,0,0
20150629,OF,OF161207,1.6580,1.6580,1.6580,1.6580,0,0
20150629,OF,OF161210,0.9240,0.9240,0.9240,0.9240,0,0
20150629,OF,OF161213,1.5960,1.5960,1.5960,1.5960,0,0
20150629,OF,OF161216,1.0380,1.0380,1.0380,1.0380,0,0
20150629,OF,OF161217,0.8170,0.8170,0.8170,0.8170,0,0
20150629,OF,OF161219,1.8280,1.8280,1.8280,1.8280,0,0
20150629,OF,OF161222,1.0820,1.0820,1.0820,1.0820,0,0
20150629,OF,OF161223,0.9820,0.9820,0.9820,0.9820,0,0
20150629,OF,OF161224,1.0170,1.0170,1.0170,1.0170,0,0
20150629,OF,OF161505,1.3120,1.3120,1.3120,1.3120,0,0
20150629,OF,OF161507,1.3840,1.3840,1.3840,1.3840,0,0
20150629,OF,OF161607,1.2040,1.2040,1.2040,1.2040,0,0
20150629,OF,OF161610,1.4300,1.4300,1.4300,1.4300,0,0
20150629,OF,OF161614,1.1000,1.1000,1.1000,1.1000,0,0
20150629,OF,OF161706,1.8727,1.8727,1.8727,1.8727,0,0
20150629,OF,OF161713,1.0270,1.0270,1.0270,1.0270,0,0
20150629,OF,OF161714,0.7850,0.7850,0.7850,0.7850,0,0
20150629,OF,OF161715,1.2030,1.2030,1.2030,1.2030,0,0
20150629,OF,OF161716,1.0070,1.0070,1.0070,1.0070,0,0
20150629,OF,OF161718,1.0690,1.0690,1.0690,1.0690,0,0
20150629,OF,OF161719,0.8920,0.8920,0.8920,0.8920,0,0
20150629,OF,OF161720,0.9610,0.9610,0.9610,0.9610,0,0
20150629,OF,OF161721,0.9010,0.9010,0.9010,0.9010,0,0
20150629,OF,OF161722,0.0000,0.0000,0.0000,0.0000,0,0
20150629,OF,OF161723,0.9310,0.9310,0.9310,0.9310,0,0
20150629,OF,OF161724,0.9250,0.9250,0.9250,0.9250,0,0
20150629,OF,OF161725,1.0230,1.0230,1.0230,1.0230,0,0
20150629,OF,OF161726,0.7690,0.7690,0.7690,0.7690,0,0
20150629,OF,OF161810,1.6510,1.6510,1.6510,1.6510,0,0
20150629,OF,OF161811,1.1240,1.1240,1.1240,1.1240,0,0
20150629,OF,OF161812,1.1670,1.1670,1.1670,1.1670,0,0
20150629,OF,OF161813,1.1990,1.1990,1.1990,1.1990,0,0
20150629,OF,OF161815,0.5450,0.5450,0.5450,0.5450,0,0
20150629,OF,OF161816,0.7890,0.7890,0.7890,0.7890,0,0
20150629,OF,OF161818,1.9130,1.9130,1.9130,1.9130,0,0
20150629,OF,OF161819,1.4950,1.4950,1.4950,1.4950,0,0
20150629,OF,OF161820,1.0930,1.0930,1.0930,1.0930,0,0
20150629,OF,OF161821,1.1220,1.1220,1.1220,1.1220,0,0
20150629,OF,OF161825,0.8160,0.8160,0.8160,0.8160,0,0
20150629,OF,OF161826,1.0000,1.0000,1.0000,1.0000,0,0
20150629,OF,OF161831,1.1081,1.1081,1.1081,1.1081,0,0
20150629,OF,OF161903,0.8715,0.8715,0.8715,0.8715,0,0
20150629,OF,OF161907,1.7090,1.7090,1.7090,1.7090,0,0
20150629,OF,OF161908,0.9893,0.9893,0.9893,0.9893,0,0
20150629,OF,OF161910,0.7589,0.7589,0.7589,0.7589,0,0
20150629,OF,OF161911,1.0762,1.0762,1.0762,1.0762,0,0
20150629,OF,OF162006,1.4108,1.4108,1.4108,1.4108,0,0
20150629,OF,OF162010,0.8300,0.8300,0.8300,0.8300,0,0
20150629,OF,OF162105,1.0248,1.0248,1.0248,1.0248,0,0
20150629,OF,OF162107,0.9605,0.9605,0.9605,0.9605,0,0
20150629,OF,OF162108,1.0110,1.0110,1.0110,1.0110,0,0
20150629,OF,OF162207,1.4924,1.4924,1.4924,1.4924,0,0
20150629,OF,OF162216,1.0986,1.0986,1.0986,1.0986,0,0
20150629,OF,OF162307,1.1910,1.1910,1.1910,1.1910,0,0
20150629,OF,OF162308,1.6990,1.6990,1.6990,1.6990,0,0
20150629,OF,OF162411,0.7260,0.7260,0.7260,0.7260,0,0
20150629,OF,OF162412,0.7113,0.7113,0.7113,0.7113,0,0
20150629,OF,OF162413,0.7331,0.7331,0.7331,0.7331,0,0
20150629,OF,OF162414,0.9980,0.9980,0.9980,0.9980,0,0
20150629,OF,OF162509,1.5630,1.5630,1.5630,1.5630,0,0
20150629,OF,OF162510,2.0890,2.0890,2.0890,2.0890,0,0
20150629,OF,OF162511,0.9980,0.9980,0.9980,0.9980,0,0
20150629,OF,OF162605,1.6520,1.6520,1.6520,1.6520,0,0
20150629,OF,OF162607,1.1050,1.1050,1.1050,1.1050,0,0
20150629,OF,OF162703,3.1659,3.1659,3.1659,3.1659,0,0
20150629,OF,OF162711,1.8077,1.8077,1.8077,1.8077,0,0
20150629,OF,OF162712,1.4080,1.4080,1.4080,1.4080,0,0
20150629,OF,OF162714,1.3137,1.3137,1.3137,1.3137,0,0
20150629,OF,OF162715,1.0580,1.0580,1.0580,1.0580,0,0
20150629,OF,OF162907,1.0820,1.0820,1.0820,1.0820,0,0
20150629,OF,OF163001,1.4570,1.4570,1.4570,1.4570,0,0
20150629,OF,OF163109,0.8077,0.8077,0.8077,0.8077,0,0
20150629,OF,OF163110,2.3120,2.3120,2.3120,2.3120,0,0
20150629,OF,OF163111,0.7433,0.7433,0.7433,0.7433,0,0
20150629,OF,OF163113,0.9164,0.9164,0.9164,0.9164,0,0
20150629,OF,OF163114,0.8183,0.8183,0.8183,0.8183,0,0
20150629,OF,OF163115,0.9014,0.9014,0.9014,0.9014,0,0
20150629,OF,OF163116,0.8131,0.8131,0.8131,0.8131,0,0
20150629,OF,OF163117,0.7103,0.7103,0.7103,0.7103,0,0
20150629,OF,OF163208,0.9010,0.9010,0.9010,0.9010,0,0
20150629,OF,OF163209,0.7770,0.7770,0.7770,0.7770,0,0
20150629,OF,OF163210,1.2130,1.2130,1.2130,1.2130,0,0
20150629,OF,OF163302,2.9266,2.9266,2.9266,2.9266,0,0
20150629,OF,OF163402,1.5307,1.5307,1.5307,1.5307,0,0
20150629,OF,OF163406,2.4653,2.4653,2.4653,2.4653,0,0
20150629,OF,OF163407,1.4969,1.4969,1.4969,1.4969,0,0
20150629,OF,OF163409,2.3970,2.3970,2.3970,2.3970,0,0
20150629,OF,OF163412,2.2350,2.2350,2.2350,2.2350,0,0
20150629,OF,OF163415,2.0980,2.0980,2.0980,2.0980,0,0
20150629,OF,OF163503,0.9515,0.9515,0.9515,0.9515,0,0
20150629,OF,OF163801,1.7713,1.7713,1.7713,1.7713,0,0
20150629,OF,OF163803,1.1945,1.1945,1.1945,1.1945,0,0
20150629,OF,OF163804,1.8484,1.8484,1.8484,1.8484,0,0
20150629,OF,OF163805,2.0851,2.0851,2.0851,2.0851,0,0
20150629,OF,OF163806,1.2380,1.2380,1.2380,1.2380,0,0
20150629,OF,OF163807,1.8556,1.8556,1.8556,1.8556,0,0
20150629,OF,OF163808,1.1310,1.1310,1.1310,1.1310,0,0
20150629,OF,OF163809,1.4770,1.4770,1.4770,1.4770,0,0
20150629,OF,OF163810,1.7780,1.7780,1.7780,1.7780,0,0
20150629,OF,OF163819,1.1900,1.1900,1.1900,1.1900,0,0
20150629,OF,OF163821,1.8850,1.8850,1.8850,1.8850,0,0
20150629,OF,OF163824,1.1220,1.1220,1.1220,1.1220,0,0
20150629,OF,OF163827,1.0910,1.0910,1.0910,1.0910,0,0
20150629,OF,OF164105,1.5000,1.5000,1.5000,1.5000,0,0
20150629,OF,OF164208,1.0428,1.0428,1.0428,1.0428,0,0
20150629,OF,OF164304,0.9480,0.9480,0.9480,0.9480,0,0
20150629,OF,OF164401,1.0020,1.0020,1.0020,1.0020,0,0
20150629,OF,OF164402,1.0110,1.0110,1.0110,1.0110,0,0
20150629,OF,OF164508,0.9850,0.9850,0.9850,0.9850,0,0
20150629,OF,OF164606,0.0000,0.0000,0.0000,0.0000,0,0
20150629,OF,OF164701,0.6020,0.6020,0.6020,0.6020,0,0
20150629,OF,OF164702,1.0710,1.0710,1.0710,1.0710,0,0
20150629,OF,OF164705,1.0580,1.0580,1.0580,1.0580,0,0
20150629,OF,OF164808,1.1130,1.1130,1.1130,1.1130,0,0
20150629,OF,OF164809,1.9927,1.9927,1.9927,1.9927,0,0
20150629,OF,OF164810,1.0360,1.0360,1.0360,1.0360,0,0
20150629,OF,OF164811,1.5191,1.5191,1.5191,1.5191,0,0
20150629,OF,OF164814,1.1770,1.1770,1.1770,1.1770,0,0
20150629,OF,OF164815,0.8690,0.8690,0.8690,0.8690,0,0
20150629,OF,OF164818,0.7105,0.7105,0.7105,0.7105,0,0
20150629,OF,OF164819,0.0000,0.0000,0.0000,0.0000,0,0
20150629,OF,OF164820,0.0000,0.0000,0.0000,0.0000,0,0
20150629,OF,OF164821,0.0000,0.0000,0.0000,0.0000,0,0
20150629,OF,OF164902,1.2640,1.2640,1.2640,1.2640,0,0
20150629,OF,OF164905,1.0250,1.0250,1.0250,1.0250,0,0
20150629,OF,OF165309,1.2107,1.2107,1.2107,1.2107,0,0
20150629,OF,OF165310,1.4820,1.4820,1.4820,1.4820,0,0
20150629,OF,OF165311,1.2620,1.2620,1.2620,1.2620,0,0
20150629,OF,OF165312,1.4167,1.4167,1.4167,1.4167,0,0
20150629,OF,OF165313,1.4510,1.4510,1.4510,1.4510,0,0
20150629,OF,OF165508,2.0450,2.0450,2.0450,2.0450,0,0
20150629,OF,OF165509,1.1910,1.1910,1.1910,1.1910,0,0
20150629,OF,OF165510,0.8000,0.8000,0.8000,0.8000,0,0
20150629,OF,OF165511,0.7760,0.7760,0.7760,0.7760,0,0
20150629,OF,OF165512,2.3580,2.3580,2.3580,2.3580,0,0
20150629,OF,OF165513,0.5630,0.5630,0.5630,0.5630,0,0
20150629,OF,OF165515,0.9080,0.9080,0.9080,0.9080,0,0
20150629,OF,OF165516,2.8500,2.8500,2.8500,2.8500,0,0
20150629,OF,OF165517,1.0600,1.0600,1.0600,1.0600,0,0
20150629,OF,OF165519,0.9480,0.9480,0.9480,0.9480,0,0
20150629,OF,OF165520,0.8550,0.8550,0.8550,0.8550,0,0
20150629,OF,OF165521,1.0980,1.0980,1.0980,1.0980,0,0
20150629,OF,OF165522,0.6770,0.6770,0.6770,0.6770,0,0
20150629,OF,OF165705,0.0000,0.0000,0.0000,0.0000,0,0
20150629,OF,OF165707,0.9200,0.9200,0.9200,0.9200,0,0
20150629,OF,OF165806,1.4430,1.4430,1.4430,1.4430,0,0
20150629,OF,OF165809,0.8240,0.8240,0.8240,0.8240,0,0
20150629,OF,OF166001,1.4294,1.4294,1.4294,1.4294,0,0
20150629,OF,OF166002,1.7040,1.7040,1.7040,1.7040,0,0
20150629,OF,OF166003,1.0354,1.0354,1.0354,1.0354,0,0
20150629,OF,OF166004,1.0386,1.0386,1.0386,1.0386,0,0
20150629,OF,OF166005,2.1950,2.1950,2.1950,2.1950,0,0
20150629,OF,OF166006,1.2307,1.2307,1.2307,1.2307,0,0
20150629,OF,OF166007,1.4485,1.4485,1.4485,1.4485,0,0
20150629,OF,OF166008,1.1053,1.1053,1.1053,1.1053,0,0
20150629,OF,OF166009,2.3784,2.3784,2.3784,2.3784,0,0
20150629,OF,OF166010,1.2230,1.2230,1.2230,1.2230,0,0
20150629,OF,OF166011,1.2460,1.2460,1.2460,1.2460,0,0
20150629,OF,OF166012,0.0000,0.0000,0.0000,0.0000,0,0
20150629,OF,OF166105,0.9740,0.9740,0.9740,0.9740,0,0
20150629,OF,OF166401,0.9940,0.9940,0.9940,0.9940,0,0
20150629,OF,OF166802,1.4490,1.4490,1.4490,1.4490,0,0
20150629,OF,OF166902,1.0760,1.0760,1.0760,1.0760,0,0
20150629,OF,OF166904,1.0970,1.0970,1.0970,1.0970,0,0
20150629,OF,OF167301,0.0000,0.0000,0.0000,0.0000,0,0
20150629,OF,OF167503,0.7560,0.7560,0.7560,0.7560,0,0
20150629,OF,OF167601,1.1334,1.1334,1.1334,1.1334,0,0
20150629,OF,OF167701,1.0190,1.0190,1.0190,1.0190,0,0
20150629,OF,OF167901,1.6520,1.6520,1.6520,1.6520,0,0
20150629,OF,OF168101,0.0000,0.0000,0.0000,0.0000,0,0
20150629,OF,OF168201,0.8030,0.8030,0.8030,0.8030,0,0
20150629,OF,OF168202,0.0000,0.0000,0.0000,0.0000,0,0
20150629,OF,OF168205,0.9070,0.9070,0.9070,0.9070,0,0
20150629,OF,OF169101,1.5700,1.5700,1.5700,1.5700,0,0
20150629,OF,OF184721,1.4796,1.4796,1.4796,1.4796,0,0
20150629,OF,OF184722,1.4681,1.4681,1.4681,1.4681,0,0
20150629,OF,OF184728,1.6202,1.6202,1.6202,1.6202,0,0
